no of words no of presses of next
18927	0
7634	1
4695	2
3004	3
2415	4
1746	5
1533	6
1032	7
1215	8
800		9
792		10
840		11
832		12
658		13
720		14
368		15
459		16
450		17
342		18
540		19
462		20
374		21
253		22
312		23
275		24
286		25
378		26
196		27	
261		28
330		29
217		30
352		31
429		32
272		33
105		34
180		35
185		36
114		37
78		38
200		39
287		40
168		41
215		42
88		43
135		44
92		45
94		46
0		47
0		48
250		49
102		50
156		51
106		52
108		53
55		54
0		55
0		56
0		57
0		58
0		59
61		60
124		61
0		62
64		63
0		64
0		65
201		66
